0 0.65484375 0.31395866666666666 0.11875000000000002 0.11500000000000006
0 0.01921875 0.30682325 0.025 0.07166600000000005
0 0.09015625 0.3604684166666667 0.008750000000000008 0.045000000000000005
0 0.115390625 0.35067675000000004 0.05249999999999999 0.05666700000000006
0 0.160625 0.37619825 0.03125 0.040000000000000036
0 0.233671875 0.36677050000000005 0.027499999999999997 0.04833399999999995
0 0.26187499999999997 0.37286424999999995 0.0325 0.040000000000000036
0 0.3476171875 0.36385416666666665 0.05375000000000002 0.07000000000000006
0 0.381015625 0.37713541666666667 0.019999999999999962 0.046667000000000014
0 0.4141015625 0.35864583333333333 0.034999999999999976 0.05833299999999997
0 0.4468359375 0.40432291666666664 0.013749999999999984 0.030000000000000027
0 0.4940625 0.40156216666666666 0.017500000000000016 0.038334000000000014
0 0.51171875 0.39026008333333334 0.02375000000000005 0.034999999999999996
0 0.5762109375 0.3775520833333333 0.04625000000000001 0.06666700000000003
0 0.606328125 0.39567675 0.036250000000000004 0.05666699999999995
0 0.6241015625 0.35677049999999993 0.03374999999999995 0.04833399999999999
0 0.708671875 0.37432291666666667 0.028750000000000053 0.029999999999999954
0 0.7492578125 0.38453125 0.04249999999999998 0.040000000000000036
0 0.8212109375 0.3971354166666667 0.04625000000000001 0.046667000000000014
0 0.8596484375 0.3864583333333333 0.030000000000000027 0.07500000000000002
0 0.920625 0.417292 0.03249999999999997 0.03333299999999998
0 0.9365625 0.42874966666666664 0.016249999999999987 0.023333999999999966
0 0.9589453125 0.43453125 0.026249999999999996 0.040000000000000036
0 0.9903125 0.4341663333333334 0.016249999999999987 0.043333999999999984
