1 0.28984375 0.48319490849673197 0.08687499999999998 0.12301299999999998
1 0.1353125 0.45030741176470584 0.04749999999999999 0.04853600000000001
1 0.1625 0.521212751633987 0.09437499999999999 0.16401700000000008
1 0.2098828125 0.4412067908496732 0.04125000000000001 0.05439299999999997
1 0.345703125 0.44251398039215684 0.036250000000000004 0.05690400000000002
1 0.4320703125 0.46076492810457514 0.05687500000000001 0.06861900000000001
1 0.540625 0.461175477124183 0.09562499999999996 0.132217
1 0.6846484375 0.5750152810457516 0.21749999999999992 0.2811720000000001
1 0.8512890625 0.4774800588235294 0.17499999999999993 0.23765699999999995
1 0.9641796875 0.3871139934640523 0.06937499999999996 0.15313800000000002
