1 0.4128125 0.5393145994729908 0.04874999999999996 0.07082599999999993
1 0.0264453125 0.6469771686429513 0.025625000000000002 0.07757199999999997
1 0.0611328125 0.26802469169960474 0.0425 0.07925799999999997
1 0.0924609375 0.40514455335968386 0.045 0.06408099999999999
1 0.1568359375 0.5688255994729908 0.045625 0.07082600000000007
1 0.3211328125 0.4603727378129117 0.04250000000000004 0.08516099999999993
1 0.363359375 0.5335176455862978 0.043125000000000024 0.07588600000000005
1 0.5289453125 0.48218932279314886 0.02562500000000001 0.037942000000000004
1 0.5855859375 0.5184466916996048 0.04500000000000004 0.08010100000000005
1 0.6983984375 0.4190577378129117 0.06062500000000004 0.08515999999999999
1 0.7462109375 0.3737901686429512 0.04562500000000003 0.07757099999999999
1 0.823515625 0.49457426086956524 0.05249999999999999 0.08853300000000001
