1 0.83105425 0.8880210833333333 0.32128999999999996 0.22265600000000005
1 0.035156625 0.32812525 0.020507 0.04166600000000006
1 0.085937625 0.33333283333333336 0.021484000000000003 0.02604199999999997
1 0.0888670625 0.3541668333333334 0.018555000000000002 0.02604199999999997
1 0.11425775 0.35416625 0.023438 0.040364999999999984
1 0.1269530625 0.2942706666666666 0.019531000000000007 0.022136000000000006
1 0.1562500625 0.351563 0.019530999999999993 0.03125
1 0.1875005 0.33593775 0.01757800000000001 0.026041000000000054
1 0.3378903125 0.3593755 0.21386699999999997 0.04947900000000005
1 0.2744143125 0.4713541666666667 0.02636700000000003 0.037760000000000016
1 0.3222655 0.4778646666666666 0.016602000000000006 0.02343700000000008
1 0.3466793125 0.4817706666666666 0.025390999999999997 0.022136000000000006
1 0.4619135625 0.4791668333333334 0.03417999999999999 0.02604199999999997
1 0.5195308750000001 0.3736981666666666 0.12207099999999999 0.07031200000000008
1 0.583984625 0.36848908333333336 0.02050799999999997 0.03515699999999996
1 0.6904300625 0.3684896666666666 0.14453099999999997 0.054687000000000076
1 0.8544916875 0.3424480833333334 0.13183599999999995 0.03515600000000004
1 0.8076171875 0.4648439166666667 0.02343700000000004 0.029947999999999936
1 0.8095700625 0.5117188333333332 0.018554999999999988 0.027344000000000108
1 0.8681645 0.45833299999999993 0.015625 0.03125
1 0.910156625 0.4518229999999999 0.021483999999999948 0.03255200000000006
1 0.957031625 0.3372398333333333 0.020506999999999942 0.027343000000000044
1 0.9580080625 0.4687498333333333 0.01855399999999996 0.027343999999999962
1 0.9853515 0.3906248333333333 0.015625 0.027343999999999962
1 0.9912105 0.3450519166666666 0.015625 0.029948000000000086
