1 0.0547265625 0.32173769343065695 0.09624999999999999 0.288119
1 0.056640625 0.7235415766423358 0.11375 0.5285310000000001
1 0.16414062499999998 0.5600512773722628 0.176875 0.27595899999999995
1 0.2312890625 0.43290029927007295 0.17437499999999997 0.256315
1 0.267578125 0.23522186131386863 0.130625 0.26286300000000007
1 0.403828125 0.33119041605839417 0.1925 0.412535
1 0.5437890624999999 0.3397381094890511 0.14437499999999998 0.30028000000000005
1 0.6276953125 0.45366502919708024 0.11937500000000001 0.24041200000000001
1 0.6591015625 0.2408215109489051 0.16000000000000003 0.19176800000000002
1 0.725234375 0.477291795620438 0.13687499999999997 0.325538
1 0.866953125 0.49642529197080293 0.255 0.3956970000000001
