2 0.893984375 0.634583 0.16874999999999996 0.18999999999999995
2 0.0452734375 0.53625 0.029375 0.0625
2 0.1364453125 0.5266149166666667 0.05812500000000001 0.05999999999999998
2 0.179765625 0.5453649166666666 0.05187499999999998 0.124166
2 0.2415234375 0.5678649166666666 0.06187500000000001 0.12250000000000005
2 0.3353515625 0.5695836666666667 0.09687500000000004 0.14666599999999996
2 0.4337890625 0.5896350833333334 0.111875 0.12916700000000003
2 0.54859375 0.61859375 0.11750000000000005 0.11916699999999987
2 0.642421875 0.5923958333333333 0.12124999999999997 0.12083300000000012
2 0.98609375 0.6333336666666667 0.025000000000000022 0.20999999999999996
