1 0.5634765625 0.36914225183016103 0.06562500000000004 0.09849900000000002
1 0.6187890625 0.26194579795021966 0.08062500000000006 0.13227
1 0.613203125 0.4137142210834553 0.06687500000000002 0.07504700000000004
1 0.616796875 0.9665448345534408 0.059374999999999956 0.06472799999999992
1 0.6385546875 0.7811196691068814 0.09999999999999998 0.12945600000000002
1 0.6183203125 0.6576162210834554 0.05687500000000001 0.07504699999999996
1 0.6190625 0.8687563191800878 0.04875000000000007 0.0534700000000001
1 0.6283984375 0.57007660761347 0.06125000000000003 0.08255099999999994
1 0.6407421875 0.9142662884333822 0.02312499999999995 0.030956999999999874
1 0.6510546875 0.9571638345534407 0.03875000000000006 0.06566600000000015
1 0.6444921875 0.881845159590044 0.02312499999999995 0.029080999999999923
