0 0.69921875 0.5995852572614108 0.21093799999999996 0.42531099999999994
0 0.083984375 0.26348566390041495 0.168945 0.12655599999999997
0 0.2255859375 0.25933577593360996 0.04492199999999999 0.08506299999999994
0 0.35839825000000003 0.7987554356846472 0.28906299999999996 0.396265
0 0.34082 0.5622411493775933 0.18945299999999998 0.280082
0 0.2880855625 0.2531118423236514 0.03417999999999999 0.09751099999999999
0 0.4013675625 0.22821539834024898 0.03515600000000002 0.07468899999999999
0 0.4765625625 0.23236470954356844 0.06640600000000002 0.07054
0 0.7412113125 0.8755188838174274 0.3085929999999999 0.23236500000000002
0 0.944336375 0.7821579460580913 0.10742099999999999 0.42945999999999995
