1 0.12098958333333333 0.306484375 0.114167 0.07500000000000001
1 0.024739583333333332 0.415234375 0.05000000000000001 0.10625000000000001
1 0.3692708333333334 0.502421875 0.214167 0.18437499999999996
1 0.32536458333333335 0.300234375 0.081667 0.044375
1 0.34364616666666664 0.3866796875 0.10000000000000002 0.07
1 0.3991149166666667 0.27054687499999996 0.061666 0.060000000000000026
1 0.5106246666666666 0.37796875 0.116667 0.05624999999999997
1 0.5566149166666666 0.1994140625 0.061666 0.049375
1 0.59375 0.3572265625 0.06416700000000002 0.03375
1 0.9642190833333334 0.63671875 0.06750000000000005 0.18125000000000002
