1 0.021484375 0.4921871666666666 0.04375 0.101042
1 0.101953375 0.44999966666666663 0.011719000000000007 0.021875000000000016
1 0.1244140625 0.4401038333333333 0.017968999999999985 0.02812500000000003
1 0.2224611875 0.50963575 0.178906 0.27604100000000004
1 0.41875 0.5442708333333334 0.09531200000000001 0.15312499999999996
1 0.4216799375 0.4184899166666667 0.014844000000000024 0.030208000000000013
1 0.4658208125 0.4140628333333334 0.011718000000000006 0.028124999999999956
1 0.525390375 0.46562466666666663 0.10625000000000001 0.1781250000000001
1 0.6156255 0.42708299999999993 0.017186999999999952 0.03333400000000005
1 0.8162106875 0.46171908333333334 0.194531 0.28437500000000004
