1 0.4201171875 0.6898440833333334 0.11640600000000001 0.15937500000000013
1 0.0068359375 0.4567705 0.014062 0.078125
1 0.0302734375 0.5651038333333332 0.060938 0.15208400000000002
1 0.0552734375 0.5322913333333333 0.060938 0.10625000000000002
1 0.0931638125 0.4372395833333333 0.010938000000000003 0.0520830000000001
1 0.12265575 0.44010450000000007 0.054688 0.078125
1 0.211328125 0.7872395833333332 0.13046899999999997 0.2083330000000001
1 0.19921925 0.4450520833333333 0.04062500000000002 0.0666670000000001
1 0.226952625 0.5747395833333334 0.08359400000000003 0.11458300000000003
1 0.2271484375 0.508333 0.06093699999999999 0.06250000000000007
1 0.2494143125 0.4518225833333333 0.058593000000000006 0.08125000000000004
1 0.2857421875 0.39375 0.021874999999999978 0.03333299999999998
1 0.398828375 0.9179690833333334 0.23046900000000003 0.16041599999999998
1 0.310546625 0.5122395833333333 0.052344 0.0833330000000001
1 0.3353518125 0.46223924999999993 0.042186999999999975 0.07083400000000006
1 0.36875025 0.433333 0.03984300000000002 0.0625
1 0.390625 0.3690104166666666 0.03125 0.04479200000000002
1 0.414453375 0.5031246666666667 0.04453099999999999 0.08333400000000002
1 0.415625 0.45052049999999993 0.032030999999999976 0.04791699999999999
1 0.4541015625 0.4583336666666667 0.03515600000000002 0.05312499999999994
1 0.4888671875 0.5299479166666666 0.05468699999999993 0.09166700000000001
1 0.5521479375 0.6177083333333334 0.13984399999999997 0.16874999999999996
1 0.499609875 0.42760383333333335 0.028125000000000067 0.059374999999999956
1 0.5205075625 0.4632815833333333 0.035156000000000076 0.05104099999999997
1 0.529296375 0.5109371666666667 0.042968999999999924 0.06770900000000002
1 0.5689455625 0.40885450000000007 0.03359400000000001 0.04791599999999999
1 0.5873044375 0.5187496666666667 0.03046899999999997 0.054167
1 0.621484625 0.5346354166666667 0.052343999999999946 0.07604200000000001
1 0.6205078125 0.46953158333333334 0.042186999999999975 0.052083000000000025
1 0.626952875 0.43671908333333337 0.027344000000000035 0.03541599999999997
1 0.664452875 0.4408854166666667 0.027343999999999924 0.04479200000000002
1 0.6771486875 0.4630208333333334 0.03828100000000001 0.05833299999999997
1 0.7076171875 0.6151045 0.08437499999999998 0.109375
1 0.6929685 0.48307325000000007 0.04765700000000006 0.07291599999999991
1 0.7271479375 0.5450524166666666 0.04531300000000005 0.07604100000000003
1 0.7914065 0.8893229166666666 0.17343699999999995 0.217708
1 0.7212893125 0.44453158333333337 0.025781000000000054 0.052082999999999956
1 0.7373044375 0.460417 0.029688000000000048 0.0625
1 0.78906225 0.4973961666666667 0.04062500000000002 0.06979099999999994
1 0.8056635625 0.4505208333333333 0.03359400000000001 0.057292000000000044
1 0.831640875 0.616667 0.05937500000000007 0.09479100000000014
1 0.8685544375 0.7604163333333332 0.12421899999999997 0.16666700000000004
1 0.8373051875 0.5182295 0.0539059999999999 0.078125
1 0.857813 0.4497395833333333 0.03281199999999995 0.052083000000000025
1 0.90624975 0.5078125 0.05468800000000007 0.078125
1 0.9166015625 0.5942705 0.06484400000000001 0.11145899999999997
1 0.9755859375 0.727083 0.04609399999999997 0.15625
1 0.988671625 0.4981770833333334 0.020312999999999914 0.06770799999999995
