0 0.845546875 0.23645833333333335 0.12124999999999997 0.19833299999999995
0 0.0478515625 0.26 0.096875 0.25
0 0.29390625 0.19578158333333331 0.070625 0.14500000000000002
0 0.3775 0.18296841666666666 0.09562500000000002 0.04666699999999998
0 0.4180859375 0.24843716666666668 0.07624999999999998 0.13249999999999995
0 0.52890625 0.19510416666666666 0.07062499999999994 0.13083299999999998
0 0.6355078125 0.1928649166666667 0.07374999999999998 0.12416599999999996
0 0.733828125 0.21104166666666666 0.0981249999999999 0.1775
0 0.7874609375 0.14333333333333334 0.04500000000000004 0.04333300000000001
0 0.9179296875 0.20473958333333334 0.03749999999999998 0.051666999999999984
0 0.9587890625 0.28432291666666665 0.08062500000000006 0.27916700000000005
