1 0.6950133333333334 0.2058984375 0.23054100000000002 0.18687499999999999
1 0.018518518518518517 0.267578125 0.039288 0.06687500000000002
1 0.06692281481481481 0.264375 0.06893999999999999 0.06312500000000001
1 0.19562088888888887 0.363984375 0.09117800000000001 0.10624999999999996
1 0.2023837037037037 0.1875390625 0.097109 0.081875
1 0.2096807037037037 0.2469921875 0.034099 0.053125000000000006
1 0.27157096296296296 0.37609375 0.05263199999999998 0.05499999999999999
1 0.32405900000000004 0.2221484375 0.06449300000000002 0.06125
1 0.40486 0.2122265625 0.06449200000000001 0.06625
1 0.7668023333333333 0.52640625 0.168273 0.164375
1 0.8406337037037036 0.185546875 0.09710900000000006 0.09062500000000001
1 0.8224407777777778 0.141328125 0.05707899999999994 0.06812499999999999
1 0.8886747407407407 0.2730859375 0.10748700000000005 0.10750000000000004
1 0.9194058148148149 0.175 0.06894000000000002 0.06375
