0 0.2607421875 0.2057613039647577 0.14687499999999998 0.256578
0 0.0798828125 0.40624857562408223 0.042499999999999996 0.059209999999999964
0 0.381015625 0.37752414684287805 0.019999999999999962 0.05639100000000002
0 0.410546875 0.35643443612334796 0.06 0.10808300000000008
0 0.4680859375 0.3438648634361234 0.04562500000000003 0.088346
0 0.516640625 0.33270372099853157 0.05124999999999996 0.09680499999999996
0 0.5572265625 0.31032243759177686 0.06499999999999995 0.12781999999999996
0 0.6014453125 0.34509971659324523 0.02562500000000001 0.03477500000000002
0 0.6444140625 0.31525715271659327 0.08062500000000006 0.140037
0 0.7570703125 0.32717929955947134 0.11937500000000001 0.196429
0 0.8576171875 0.3244204375917768 0.08437499999999998 0.12688000000000002
0 0.88875 0.30257086196769456 0.03187499999999999 0.06954899999999999
0 0.9419140625 0.2456447356828194 0.11312500000000003 0.300752
