1 0.36609341666666667 0.3351953125 0.20166700000000004 0.15125
1 0.15625 0.49609375 0.3125 0.30562500000000004
1 0.07036425 0.1148046875 0.040834 0.037500000000000006
1 0.12546841666666667 0.11890625 0.045000000000000005 0.03937500000000001
1 0.27963541666666664 0.0955078125 0.04583300000000001 0.04125000000000001
1 0.37828158333333334 0.105546875 0.020832999999999952 0.027499999999999997
1 0.4057291666666667 0.088828125 0.03833300000000003 0.036250000000000004
1 0.47770833333333335 0.110859375 0.010833000000000018 0.01187500000000001
1 0.5145836666666667 0.1051171875 0.022499999999999964 0.022500000000000006
1 0.5462496666666666 0.099140625 0.023333999999999966 0.020625000000000004
1 0.5660413333333333 0.0999609375 0.01166700000000002 0.015
1 0.6965100833333334 0.5744921875 0.09749999999999985 0.14687499999999998
