1 0.625234375 0.9180365095168376 0.07499999999999996 0.10412699999999983
1 0.063359375 0.7378793499267935 0.043750000000000004 0.07879999999999993
1 0.120078125 0.06362386530014641 0.068125 0.09005600000000001
1 0.1603125 0.12624734992679357 0.048750000000000016 0.076923
1 0.3235546875 0.8182307979502196 0.19437500000000002 0.13414699999999996
1 0.3584765625 0.5132213191800878 0.03500000000000003 0.055346999999999945
1 0.3776953125 0.8952939941434847 0.05687500000000001 0.09287099999999995
1 0.4686328125 0.781329963396779 0.04249999999999998 0.06754200000000002
1 0.5337109375 0.8651617364568083 0.04500000000000004 0.08724199999999996
1 0.5480078125 0.7937093191800879 0.04125000000000001 0.05347099999999991
1 0.5826953125 0.7564839326500733 0.02562500000000001 0.04596599999999996
1 0.6077734375 0.7631641903367495 0.030625000000000013 0.05065700000000006
1 0.61375 0.8516418038067349 0.03312499999999996 0.04221400000000006
1 0.673515625 0.9298196383601758 0.05125000000000002 0.10787999999999988
1 0.6778125 0.8549128345534408 0.04874999999999996 0.06566599999999999
1 0.719609375 0.8390790922401171 0.043749999999999956 0.07129499999999998
1 0.721015625 0.6705918038067349 0.019999999999999907 0.04221400000000014
1 0.7658203125 0.6718274172767204 0.026874999999999982 0.03471
1 0.882734375 0.734759019033675 0.23187500000000005 0.206379
1 0.8106640625 0.6812084172767203 0.018124999999999947 0.03470899999999994
1 0.8293359375 0.9164139633967789 0.04500000000000004 0.06941899999999986
1 0.860625 0.9534559941434846 0.09562500000000007 0.09099400000000003
1 0.972265625 0.895548448023426 0.05249999999999999 0.05722299999999998
1 0.9738671875 0.5583194172767203 0.021874999999999978 0.034709000000000025
