1 0.1658307057101025 0.5070703125 0.06378999999999997 0.05812499999999998
1 0.2063089019033675 0.5061328125 0.020638 0.04125000000000001
1 0.3254199633967789 0.5070703125 0.06848000000000004 0.05812499999999998
1 0.40099309224011714 0.5090234375 0.07129399999999993 0.06187500000000001
1 0.5095384172767203 0.5032421874999999 0.033772000000000024 0.02250000000000002
1 0.5698480922401171 0.53859375 0.07223299999999995 0.05625000000000002
1 0.5904860922401172 0.497265625 0.07223300000000003 0.05124999999999996
1 0.7969793499267936 0.4976953125 0.076923 0.05812499999999998
1 0.8704739019033675 0.4983203125 0.020637999999999917 0.02562500000000001
1 0.9158446749633968 0.5189453125 0.038461000000000016 0.02562500000000001
1 0.9646246749633968 0.5090234375 0.0403380000000001 0.030625000000000013
