1 0.1773435 0.4833333333333334 0.14218799999999998 0.23124999999999987
1 0.4439450625 0.3322913333333333 0.11250000000000004 0.20000000000000004
1 0.54453075 0.11380208333333335 0.02343800000000007 0.03437500000000001
1 0.5695315 0.11380208333333335 0.015625 0.03437500000000001
1 0.5962890625 0.13046908333333332 0.019530999999999965 0.03645799999999999
1 0.694921375 0.4203121666666667 0.10546900000000003 0.163542
1 0.6773435 0.12343783333333334 0.015625 0.028124999999999994
1 0.6998049375 0.1260416666666667 0.01484300000000005 0.022916999999999983
1 0.7212888125 0.12734375 0.010938000000000003 0.023957999999999997
1 0.744921375 0.13567674999999998 0.012499999999999956 0.025000000000000005
