1 0.8924609375 0.39137906606606604 0.07687500000000003 0.13378199999999998
1 0.1012890625 0.2994450780780781 0.14375 0.157844
1 0.1760546875 0.21436255555555558 0.07 0.11260800000000001
1 0.24453125 0.24870306006006004 0.071875 0.12223299999999997
1 0.236328125 0.172975018018018 0.03687499999999999 0.03753599999999998
1 0.308203125 0.4689540810810811 0.09875 0.16361900000000001
1 0.3088671875 0.12966555555555556 0.05375000000000002 0.112608
1 0.3317578125 0.25405456156156153 0.073125 0.12608300000000006
1 0.3910546875 0.41594005405405404 0.06937500000000002 0.11068400000000003
1 0.392421875 0.295632054054054 0.05937500000000001 0.10875900000000004
1 0.429765625 0.30036702702702706 0.020000000000000018 0.05485999999999998
1 0.4501171875 0.26256204504504504 0.053749999999999964 0.09143399999999997
1 0.465546875 0.34856805405405406 0.05874999999999997 0.110683
1 0.49859375 0.20192704504504502 0.05499999999999999 0.092396
1 0.5128125 0.43095506906906905 0.078125 0.13859499999999997
1 0.5433984375 0.35091655255255255 0.06062499999999993 0.10683299999999996
1 0.53375 0.19053002402402403 0.03125 0.051011
1 0.5583203125 0.23060855255255255 0.057499999999999996 0.106833
1 0.5848828125 0.33336054654654657 0.04125000000000001 0.09528400000000001
1 0.6049609375 0.24392803603603605 0.04499999999999993 0.075072
1 0.628203125 0.3556915765765766 0.06812499999999999 0.15399400000000002
1 0.6128515625 0.20381253153153153 0.03500000000000003 0.06544800000000002
1 0.6671875 0.20493004804804804 0.04749999999999999 0.098171
1 0.692421875 0.3726300540540541 0.05875000000000008 0.110683
1 0.734375 0.31295705405405405 0.0625 0.10875800000000005
1 0.725703125 0.21451553453453454 0.03562500000000002 0.07122200000000001
1 0.77234375 0.26063704504504503 0.05625000000000002 0.09143400000000002
1 0.75796875 0.18945202102102102 0.024375000000000036 0.04331100000000001
1 0.7790234375 0.39488205705705703 0.06187500000000001 0.11645800000000003
1 0.795625 0.223370027027027 0.03187499999999999 0.05486000000000002
1 0.8107421875 0.3938805435435435 0.02312499999999995 0.08854699999999997
1 0.8465625 0.25636354654654653 0.04874999999999996 0.09528400000000001
1 0.9052734375 0.19053156156156156 0.09312500000000001 0.126083
