1 0.5607785625 0.8950640556368961 0.09591399999999994 0.14
1 0.03515625 0.2676683748169839 0.070892 0.19125000000000003
1 0.137984625 0.5281021229868229 0.051710000000000006 0.09624999999999997
1 0.2057259375 0.7030325768667642 0.077564 0.060000000000000026
1 0.20301725 0.34760431918008783 0.04086799999999999 0.05375000000000001
1 0.2732188125 0.36803257686676427 0.04170099999999999 0.06124999999999997
1 0.3015544375 0.33678257686676427 0.030025000000000024 0.059999999999999984
1 0.3157324375 0.33239019033674966 0.03085899999999997 0.04999999999999997
1 0.345066 0.35592606149341144 0.03169300000000003 0.04874999999999998
1 0.405443875 0.4438890922401171 0.05921599999999999 0.07125
1 0.4138836875 0.34403367496339676 0.03753200000000001 0.03875000000000005
1 0.493407875 0.49238469985358707 0.12260200000000004 0.15250000000000005
1 0.4711465625 0.331747803806735 0.034196000000000004 0.0425
1 0.4833724375 0.3146412884333821 0.030025000000000024 0.030000000000000013
1 0.5053211875 0.3121412884333821 0.022518999999999956 0.03125
1 0.53776875 0.44449670571010247 0.05504599999999993 0.0625
1 0.535203625 0.3423554172767203 0.020851000000000064 0.033750000000000016
1 0.6478026875 0.6880270863836018 0.10091799999999995 0.16124999999999995
1 0.752314375 0.30317715959004393 0.013345000000000051 0.028749999999999984
1 0.7956690625 0.8192423133235724 0.08089999999999997 0.14499999999999996
1 0.977280375 0.807384699853587 0.04337000000000002 0.1537500000000001
