0 0.02734375 0.2132495294117647 0.055625 0.11958500000000001
0 0.0361328125 0.5836434705882353 0.073125 0.183616
0 0.0742578125 0.5045057647058824 0.135625 0.11016999999999998
0 0.10125 0.32180958823529415 0.156875 0.20433099999999998
0 0.08980468750000001 0.18683123529411766 0.10124999999999998 0.092279
0 0.1228515625 0.8805497058823528 0.15875 0.1751420000000001
0 0.13957031250000002 0.6187158235294118 0.1825 0.19491600000000003
0 0.17328125 0.5147998823529412 0.133125 0.130885
0 0.189765625 0.19877599999999998 0.08375000000000002 0.10263600000000006
0 0.2790234375 0.3139803529411765 0.21812499999999999 0.214689
0 0.291015625 0.6845543529411765 0.20875 0.2627119999999999
0 0.2795703125 0.9247534117647058 0.183125 0.14783399999999997
0 0.27109375 0.19954852941176474 0.08625000000000002 0.06967999999999999
0 0.425625 0.30585488235294117 0.18875000000000003 0.229755
0 0.44640625 0.6170012941176471 0.19625000000000004 0.22787199999999994
0 0.4491796875 0.897139588235294 0.16375 0.20338900000000004
0 0.4716015625 0.060294117647058824 0.19124999999999998 0.121469
0 0.56203125 0.8329285294117647 0.19562500000000005 0.22033899999999998
0 0.5637890624999999 0.5819289411764705 0.17562499999999998 0.21657299999999996
0 0.5703515625 0.29197382352941176 0.15999999999999998 0.196799
0 0.651640625 0.7682643529411765 0.14625 0.1619589999999999
0 0.66421875 0.5278028235294118 0.14937500000000004 0.14689300000000002
0 0.7016796875 0.922458 0.16375000000000006 0.15159999999999996
0 0.7168359375 0.48919582352941177 0.13937500000000003 0.14689300000000002
0 0.7371875 0.7367789411764705 0.14187499999999997 0.16760800000000006
0 0.77796875 0.2848009411764706 0.14875000000000005 0.164784
