0 0.0349609375 0.5032809166666666 0.04625 0.06083399999999991
0 0.118203125 0.41750033333333336 0.035625000000000004 0.04416599999999993
0 0.1697265625 0.4880208333333333 0.09749999999999999 0.15166700000000008
0 0.2808203125 0.8721350833333332 0.3075 0.25333400000000017
0 0.1535546875 0.40239616666666667 0.03874999999999998 0.03750000000000001
0 0.3312890625 0.44494825 0.08187499999999998 0.10333299999999997
0 0.34359375 0.3073434166666667 0.02375000000000005 0.014167000000000004
0 0.3631640625 0.3113538333333334 0.01874999999999999 0.026666999999999996
0 0.41890625 0.6698955 0.070625 0.08000000000000007
0 0.462421875 0.37875 0.058750000000000024 0.0625
0 0.449765625 0.3062496666666667 0.02124999999999999 0.021666999999999992
0 0.48140625 0.5910416666666666 0.07124999999999998 0.053333000000000075
0 0.46390625 0.2861455 0.009374999999999967 0.017499999999999998
0 0.5138281250000001 0.49984375 0.03562499999999996 0.055000000000000014
0 0.542734375 0.46942708333333333 0.04312499999999997 0.03583300000000008
