1 0.610390625 0.5454763133235725 0.083125 0.14352699999999996
1 0.001953125 0.2226687730600293 0.005 0.018760999999999993
1 0.0068359375 0.37303444802342606 0.014375 0.05722299999999998
1 0.0119921875 0.29043828843338215 0.021875 0.03189499999999997
1 0.0091796875 0.22495664421669107 0.0075 0.015009000000000005
1 0.023671875000000002 0.3299525461200586 0.028124999999999997 0.03658499999999998
1 0.037578125 0.2245447730600293 0.0050000000000000044 0.01969999999999998
1 0.0499609375 0.22495664421669107 0.014375000000000006 0.015009000000000005
1 0.0521875 0.25572928843338216 0.015625 0.03001899999999998
1 0.0523828125 0.20848351537335286 0.010000000000000002 0.013133000000000011
1 0.073828125 0.4359997057101025 0.03625 0.06285199999999998
1 0.0780078125 0.2324616442166911 0.010000000000000009 0.015946999999999982
1 0.081484375 0.20255690190336748 0.012499999999999997 0.021576000000000015
1 0.0926171875 0.2948306749633968 0.02187499999999999 0.03846199999999999
1 0.097734375 0.21035951537335285 0.011874999999999997 0.013133000000000011
1 0.1111328125 0.21328777306002927 0.011249999999999996 0.018762000000000004
1 0.1143359375 0.25280103074670573 0.013749999999999998 0.024389999999999988
1 0.1205859375 0.23538990190336753 0.014374999999999985 0.021575999999999974
1 0.132734375 0.2128759019033675 0.012500000000000011 0.022514000000000034
1 0.1419140625 0.24353428843338215 0.019375000000000003 0.030957
1 0.150234375 0.2203799019033675 0.013124999999999998 0.022513999999999992
1 0.159765625 0.3124271595900439 0.020625000000000004 0.02907999999999999
1 0.16015625 0.2058970307467057 0.008750000000000008 0.025328000000000045
1 0.2634375 0.5624755710102489 0.078125 0.15196999999999997
1 0.4300390625 0.5468261844802342 0.08187499999999998 0.14258900000000008
1 0.7553515625 0.5060763133235725 0.06625000000000003 0.14352699999999996
