1 0.6859765625 0.24570601321585903 0.12749999999999995 0.18515099999999998
1 0.009765625 0.25822314537444935 0.02 0.036654000000000006
1 0.05734375 0.2567547165932452 0.024375000000000008 0.034774
1 0.068671875 0.28465600293685756 0.028125000000000004 0.04229300000000001
1 0.110546875 0.26262843171806166 0.028749999999999984 0.045112
1 0.138125 0.24759043171806167 0.03125 0.046053000000000024
1 0.181875 0.2725548604992658 0.03187499999999999 0.049812000000000016
1 0.207109375 0.5489865785609398 0.074375 0.100564
1 0.2590625 0.575419436123348 0.079375 0.10808299999999996
1 0.286640625 0.28747386343612336 0.05249999999999999 0.088346
1 0.290625 0.23126085903083698 0.03125 0.029135000000000043
1 0.3320703125 0.592864725403818 0.08812499999999995 0.15601500000000001
1 0.3533203125 0.26738415124816445 0.05687500000000001 0.11936100000000004
1 0.3784765625 0.6330430102790015 0.09687499999999999 0.14661700000000003
1 0.401953125 0.27754643465491924 0.06687499999999996 0.08552700000000005
1 0.4228125 0.21727957709251103 0.04750000000000004 0.08082700000000001
1 0.4668359375 0.26550415124816446 0.07812499999999994 0.119361
1 0.4986328125 0.7146910132158589 0.10499999999999998 0.187031
1 0.56078125 0.7455301571218795 0.13312499999999994 0.20018799999999995
1 0.5569921875 0.3043897239353891 0.08437499999999998 0.13533800000000004
1 0.57171875 0.21493014684287814 0.05624999999999991 0.056391
1 0.5876171875 0.2687947209985316 0.053749999999999964 0.09398399999999997
1 0.741171875 0.7935188766519824 0.18437499999999996 0.27349600000000013
1 0.7721875 0.38515658590308377 0.11124999999999996 0.20394699999999993
1 0.7353515625 0.2625094346549192 0.034375000000000044 0.08646600000000003
1 0.8209765625 0.2773705785609398 0.06562500000000004 0.10056400000000004
1 0.906640625 0.3618375814977973 0.08250000000000002 0.14191800000000002
1 0.9323046875 0.272788436123348 0.06875000000000009 0.10808300000000004
1 0.9915625 0.2976371468428781 0.015625 0.056390999999999976
