1 0.25806850000000003 0.1041763576072822 0.17377099999999998 0.170305
1 0.0322265625 0.6020041339401822 0.065574 0.755458
1 0.1201171875 0.2067620286085826 0.240984 0.4148470000000001
1 0.3174276875 0.4933166280884266 0.35082 0.624454
1 0.4302346875 0.2519893302990897 0.163935 0.22925700000000004
1 0.5080210625 0.18098175292587773 0.04918 0.06550200000000002
1 0.6223201875 0.2531131872561769 0.08524600000000004 0.16375599999999998
1 0.693999875 0.2603702639791937 0.02786899999999992 0.08952
1 0.7690218125 0.393541599479844 0.13606600000000002 0.21178999999999998
1 0.838505625 0.23816753315994796 0.05081899999999995 0.07205200000000002
