1 0.01171875 0.49510904375804377 0.02394 0.08828899999999999
1 0.0575264375 0.6530240476190476 0.092339 0.09639700000000005
1 0.1503435625 0.706821070785071 0.128591 0.14324300000000004
1 0.1217388125 0.4844270411840412 0.041724 0.08288299999999997
1 0.130239375 0.6194340347490348 0.044459999999999986 0.07207200000000004
1 0.1949105625 0.6277990656370657 0.09712699999999999 0.13153200000000004
1 0.2427069375 0.48481303346203347 0.04582799999999998 0.06936999999999999
1 0.26224225 0.6449160656370656 0.07182 0.1333340000000001
1 0.3515526875 0.6377090476190477 0.06839999999999996 0.09639600000000002
1 0.3633825 0.48429903474903474 0.048563999999999996 0.07117100000000001
1 0.450440125 0.6284430437580438 0.06771499999999997 0.08918899999999998
1 0.497026625 0.7169880926640926 0.14569000000000004 0.18648699999999999
1 0.547476375 0.49202103346203346 0.04309099999999999 0.06936899999999996
1 0.667752375 0.5967820553410552 0.07592300000000007 0.11171200000000002
1 0.7189413125 0.7436290913770913 0.119699 0.18288299999999996
1 0.866976875 0.6537970862290862 0.12175100000000005 0.17387300000000003
1 0.91718825 0.9181470785070786 0.16415899999999994 0.15945899999999982
1 0.8778413125 0.31248404761904763 0.05814000000000008 0.09729700000000001
