1 0.181640625 0.4707932748538012 0.11499999999999999 0.181648
1 0.0302734375 0.7116929356725147 0.060625 0.2687259999999999
1 0.2890625 0.31365447953216374 0.578125 0.382022
1 0.023046875 0.0896408596491228 0.028124999999999997 0.036517000000000015
1 0.1390625 0.0846638245614035 0.016249999999999987 0.04588000000000001
1 0.2069921875 0.07799484795321637 0.021875000000000006 0.03838900000000001
1 0.2913671875 0.08548484795321637 0.021874999999999978 0.03839
1 0.41671875 0.07799484795321637 0.02437499999999998 0.03838900000000001
1 0.564140625 0.5506112280701755 0.114375 0.1938199999999999
1 0.5219921875 0.09192487134502923 0.021874999999999978 0.034644000000000015
1 0.7898828125 0.3188776549707602 0.4175 0.338015
1 0.626171875 0.0940268245614035 0.028749999999999942 0.045881
