1 0.957160125 0.5230629109311741 0.06786599999999998 0.14067800000000003
1 0.0283203125 0.4820556194331984 0.058054 0.13389900000000002
1 0.079538375 0.5285732874493927 0.04415399999999999 0.10338999999999998
1 0.1398830625 0.4078024048582996 0.11202 0.28644
1 0.2107046875 0.4522537449392713 0.03761300000000001 0.12372899999999996
1 0.3086429375 0.458751995951417 0.045789000000000024 0.10000099999999996
1 0.553689625 0.4422218663967611 0.08340100000000006 0.20847500000000005
1 0.724216125 0.5187746153846154 0.09893700000000005 0.23389799999999997
1 0.7223789375 0.3455222874493927 0.04578899999999997 0.10169500000000004
1 0.8288113125 0.508516036437247 0.05805400000000005 0.1288129999999999
