1 0.1333984375 0.6585938235294118 0.029375000000000012 0.04613900000000003
1 0.1859375 0.6583614705882354 0.017499999999999988 0.034838999999999905
1 0.3299609375 0.6047718823529412 0.10812500000000003 0.18079099999999992
1 0.4936328125 0.3598347058823529 0.10375000000000001 0.17419900000000005
1 0.55859375 0.6911569411764705 0.14937500000000004 0.21657299999999996
1 0.56375 0.3562176470588235 0.03187499999999999 0.03860599999999997
1 0.705625 0.42979935294117644 0.15750000000000008 0.21186499999999994
1 0.6900390625 0.25628947058823526 0.018124999999999947 0.03484000000000002
1 0.7303515625 0.299953 0.034375000000000044 0.05084699999999997
1 0.9563671875 0.25055341176470586 0.08499999999999996 0.148776
