1 0.236796875 0.5591145833333333 0.09 0.14500000000000002
1 0.037109375 0.44796875 0.074375 0.08749999999999998
1 0.1101171875 0.4193229166666667 0.023124999999999993 0.03083299999999996
1 0.138828125 0.42140658333333336 0.036250000000000004 0.04999999999999997
1 0.15859375 0.47130175 0.05562500000000001 0.08833399999999998
1 0.234765625 0.4722395833333333 0.05124999999999999 0.04999999999999997
1 0.28578125 0.47401075 0.040000000000000036 0.055000000000000014
1 0.3197265625 0.5036461666666666 0.065 0.09999999999999994
1 0.342890625 0.4598955 0.051875000000000004 0.07916699999999999
1 0.373671875 0.4685934166666667 0.027500000000000024 0.07583399999999996
1 0.399921875 0.4602086666666667 0.02812500000000001 0.05416600000000001
1 0.464296875 0.608542 0.15375 0.22083299999999997
1 0.4325 0.41604166666666664 0.03125 0.053333
1 0.5174218749999999 0.45515625 0.05937500000000001 0.070833
1 0.5695703125 0.4724996666666667 0.05812499999999998 0.08333400000000002
1 0.6152734375 0.5641149166666667 0.09187500000000004 0.185833
1 0.6458984375 0.40463541666666664 0.030000000000000027 0.045000000000000005
1 0.722578125 0.4568225833333333 0.0675 0.11333400000000005
1 0.729296875 0.37979199999999996 0.05937500000000007 0.03333300000000006
1 0.743671875 0.35432291666666665 0.028125000000000067 0.029999999999999954
1 0.7971484375 0.4351041666666666 0.09187500000000004 0.13249999999999998
1 0.823125 0.6100520833333333 0.12624999999999997 0.19083300000000003
1 0.8550390625 0.44994825 0.050000000000000044 0.10166599999999996
1 0.888125 0.5003645833333333 0.03249999999999997 0.08083299999999993
1 0.8966796875 0.4288541666666667 0.03874999999999995 0.06916699999999998
1 0.94546875 0.4385934166666667 0.055625000000000036 0.07583400000000003
1 0.9753125 0.5125000000000001 0.04749999999999999 0.12749999999999995
