0 0.47375 0.28399341142020496 0.0625 0.12499999999999996
0 0.205129875 0.3187445095168375 0.059167 0.1025
0 0.2341279375 0.21074670571010248 0.04583300000000001 0.0625
0 0.3986064375 0.23281844802342605 0.06166699999999997 0.05624999999999998
0 0.443984375 0.19299780380673498 0.04416700000000001 0.0425
0 0.516484375 0.27228038067349924 0.044166999999999956 0.10124999999999997
0 0.6274609375 0.12321193265007321 0.04583300000000001 0.046249999999999986
0 0.712890625 0.17392386530014642 0.05249999999999999 0.08875
0 0.842890625 0.1299597364568082 0.05083300000000002 0.085
0 0.8857939375 0.09724560761347 0.04583399999999993 0.08375
