1 0.4803515625 0.4809681112737921 0.15875000000000006 0.277673
1 0.0078125 0.4077434480234261 0.01625 0.058160999999999956
1 0.0126953125 0.4644403191800878 0.025625 0.05347099999999999
1 0.0703125 0.8043708784773058 0.140625 0.386492
1 0.0712890625 0.5984384055636895 0.143125 0.21388399999999996
1 0.042226562499999995 0.44268096339677887 0.034375 0.06754200000000002
1 0.058203125 0.46707096339677895 0.03625 0.06754199999999994
1 0.1466796875 0.4006503191800879 0.03812500000000002 0.05534800000000004
1 0.1744921875 0.4043591595900439 0.023125000000000007 0.027204
1 0.1823046875 0.44538070571010246 0.037500000000000006 0.061914
1 0.20671875 0.7418079882869694 0.08687499999999998 0.182927
1 0.2411328125 0.6251249941434845 0.07312500000000002 0.09099500000000009
1 0.24625 0.4150199326500732 0.03312499999999999 0.045027999999999985
1 0.2575390625 0.5607657057101024 0.05000000000000002 0.061913000000000024
1 0.3242578125 0.38076696339677896 0.041874999999999996 0.06754199999999998
1 0.395390625 0.46693076720351395 0.05249999999999999 0.10975599999999999
1 0.5605859375 0.47466328257686674 0.04562500000000003 0.12288899999999997
1 0.573671875 0.5520250922401171 0.05999999999999994 0.07035600000000011
1 0.61921875 0.46713234407027815 0.08749999999999991 0.1697940000000001
1 0.7606640625 0.44062060761347 0.050000000000000044 0.08442800000000003
1 0.783984375 0.5198055402635432 0.07437500000000008 0.126642
1 0.814140625 0.4111277364568082 0.05125000000000002 0.08630400000000002
1 0.903046875 0.5047965402635431 0.05874999999999997 0.12664100000000003
1 0.957578125 0.4215869326500732 0.036250000000000004 0.04409000000000001
1 0.96984375 0.47210373645680825 0.055625000000000036 0.08536500000000004
1 0.993359375 0.45307006149341145 0.011874999999999969 0.048779999999999976
