1 0.0961328125 0.4529851367781155 0.042499999999999996 0.06231799999999992
1 0.19953125 0.5679936808510638 0.10249999999999998 0.19182100000000005
1 0.385078125 0.6153770303951367 0.06687500000000002 0.127556
1 0.392578125 0.4548146231003039 0.036250000000000004 0.057449000000000014
1 0.596875 0.6253968693009119 0.09499999999999997 0.16553099999999993
1 0.6308984375 0.45956410942249243 0.030625000000000013 0.051606999999999986
1 0.694453125 0.4562158662613982 0.03562500000000002 0.05355399999999994
1 0.7480859375 0.4659986778115502 0.04625000000000001 0.08179199999999993
1 0.79015625 0.47787389361702126 0.03937500000000005 0.06523900000000006
1 0.8578125 0.535960273556231 0.07874999999999999 0.12366200000000009
