1 0.12234375 0.5852440248901903 0.08687500000000001 0.11444599999999996
1 0.4478515625 0.5024930204978038 0.535 0.684803
1 0.6008203125 0.6588086749633968 0.02562500000000001 0.04033800000000002
1 0.6368359375 0.627211288433382 0.014375000000000027 0.03095700000000004
1 0.6944921875 0.5648076017569547 0.11687500000000006 0.17354600000000003
1 0.6830078125 0.7234665768667643 0.04125000000000001 0.05909900000000001
1 0.7819921875 0.643571159590044 0.023125000000000062 0.02814300000000003
1 0.843359375 0.6406429019033675 0.013124999999999942 0.022514000000000034
1 0.8738671875 0.6573445461200585 0.02312499999999995 0.03658499999999998
1 0.8841796875 0.7056425768667642 0.03749999999999998 0.06097600000000002
1 0.9131640625 0.660044288433382 0.01937499999999992 0.03095700000000004
