0 0.0695703125 0.81338575 0.119375 0.150833
0 0.0087890625 0.3446354166666667 0.01875 0.045000000000000005
0 0.0234375 0.5614065833333334 0.048125 0.17583300000000004
0 0.11624999999999999 0.5193753333333333 0.125 0.1358330000000001
0 0.1794921875 0.33369825000000003 0.02312499999999998 0.04083300000000001
0 0.2081640625 0.3070836666666667 0.019375000000000003 0.022499999999999964
0 0.3707421875 0.3563024166666667 0.05375000000000002 0.04666599999999995
0 0.400546875 0.5265624999999999 0.059374999999999956 0.07916700000000006
0 0.4841015625 0.56692675 0.12749999999999995 0.11749999999999987
0 0.505390625 0.40875 0.05249999999999999 0.0625
0 0.54859375 0.34421875 0.024375000000000036 0.024166999999999977
0 0.5508203125 0.31994758333333334 0.02562500000000001 0.01999999999999998
0 0.96015625 0.352083 0.04062499999999991 0.063334
