1 0.30468799999999996 0.7481770833333332 0.25156200000000006 0.28541700000000003
1 0.015625 0.578125 0.032812 0.03125
1 0.0470703125 0.65807325 0.089063 0.13541600000000006
1 0.2029301875 0.4700520833333333 0.396875 0.12916700000000003
1 0.06328125 0.5625003333333334 0.039063 0.04374999999999988
1 0.1064453125 0.5578121666666668 0.026562000000000002 0.03749999999999994
1 0.1240234375 0.6906250000000002 0.06093699999999999 0.09375000000000007
1 0.146875 0.557292 0.03125 0.03125
1 0.1923833125 0.5476559166666667 0.026562000000000002 0.029167000000000016
1 0.219921875 0.5393229166666668 0.02812500000000001 0.02916699999999987
1 0.2498051875 0.5276038333333334 0.021875000000000006 0.027084000000000035
1 0.2906255 0.5153645833333332 0.015625 0.02083300000000003
1 0.425 0.73723925 0.03125 0.07083399999999991
1 0.5291015625 0.8179690833333334 0.06562499999999999 0.19166599999999998
1 0.6750005 0.8111979166666666 0.265625 0.372917
1 0.8525390625 0.8348958333333334 0.050000000000000044 0.1208329999999999
1 0.9228520625 0.8510413333333333 0.11250000000000004 0.20000000000000004
