1 0.6242578125 0.3992357777777778 0.10499999999999998 0.213334
1 0.0126953125 0.5531945555555556 0.02625 0.05111099999999988
1 0.390625 0.8940274444444444 0.7825 0.20444500000000015
1 0.0891015625 0.546806 0.035 0.06444399999999995
1 0.0903515625 0.6786113333333333 0.03375 0.042221999999999954
1 0.0976953125 0.700139 0.026249999999999996 0.06444400000000004
1 0.147578125 0.6675693333333332 0.036250000000000004 0.07333299999999997
1 0.1739453125 0.6880552222222223 0.026249999999999996 0.07111099999999995
1 0.2544140625 0.6342363333333334 0.05000000000000002 0.07333299999999997
1 0.3046484375 0.6695138888888889 0.030000000000000027 0.060000000000000005
1 0.3417578125 0.6465975555555555 0.04250000000000004 0.08000000000000007
1 0.392578125 0.46854211111111116 0.036250000000000004 0.06888800000000003
1 0.4541015625 0.4850698888888889 0.034999999999999976 0.06222199999999992
1 0.512578125 0.6863191111111111 0.036250000000000004 0.0666669999999999
1 0.8553515625 0.3486106666666667 0.09625000000000006 0.20888899999999996
