1 0.8024093125 0.2811975344070278 0.11979099999999998 0.21679600000000002
1 0.0491540625 0.20847225183016105 0.05013000000000001 0.098633
1 0.07779981250000001 0.024890190336749635 0.042317 0.050781
1 0.08886731249999999 0.17477863836017568 0.056641000000000004 0.10742199999999999
1 0.19335925 0.06980622108345534 0.039714 0.07324199999999999
1 0.3375648125 0.04490086530014641 0.04166700000000001 0.088867
1 0.355469125 0.2060236691068814 0.068359 0.12890600000000002
1 0.4371744375 0.13815428257686677 0.06184899999999999 0.121094
1 0.4580079375 0.029282576866764276 0.04492199999999996 0.060547
1 0.6800128125 0.029282576866764276 0.04231799999999997 0.060547
1 0.76562475 0.13571489604685213 0.05468800000000007 0.11132800000000001
1 0.809895625 0.014641288433382138 0.05208400000000002 0.030273
