2 0.060921875 0.698671875 0.091 0.2779999999999999
2 0.1454375 0.683421875 0.047000000000000014 0.21800000000000008
2 0.18825 0.695046875 0.064 0.248
2 0.287921875 0.712625 0.09000000000000002 0.28200000000000003
2 0.35153125 0.646125 0.03999999999999998 0.15800000000000003
2 0.390484375 0.681375 0.043999999999999984 0.2220000000000001
2 0.42734375 0.69090625 0.055999999999999994 0.2579999999999999
2 0.4788046875 0.710625 0.10000000000000003 0.28200000000000003
2 0.5447421875 0.650453125 0.02200000000000002 0.132
2 0.5726015625 0.642078125 0.03399999999999992 0.16199999999999992
2 0.5936484375 0.661796875 0.031000000000000028 0.18400000000000005
2 0.632203125 0.703 0.06700000000000006 0.25
2 0.69196875 0.728390625 0.08699999999999997 0.30200000000000005
2 0.7623671875 0.6815625 0.05400000000000005 0.20600000000000007
2 0.8286953125 0.65440625 0.026000000000000023 0.134
2 0.8764375 0.689515625 0.04700000000000004 0.21000000000000008
2 0.9305078125 0.6565 0.041999999999999926 0.128
2 0.975578125 0.660453125 0.03700000000000003 0.13
