0 0.1380859375 0.3319809106628242 0.014374999999999999 0.04151300000000001
0 0.18671875 0.32973183285302593 0.024375000000000008 0.04335800000000004
0 0.4534375 0.300905144092219 0.017500000000000016 0.03413300000000003
0 0.467109375 0.34834997694524494 0.044375 0.07564500000000002
0 0.5630078125 0.2677566887608069 0.010000000000000009 0.013837000000000047
0 0.5982421875 0.29906014409221904 0.021874999999999978 0.03413299999999999
0 0.699375 0.3173347550432276 0.03187499999999999 0.04704800000000007
0 0.89515625 0.29029252161383284 0.04062500000000002 0.05627300000000004
0 0.913359375 0.24861237752161383 0.012500000000000067 0.024907999999999982
0 0.9337109375 0.25506937752161385 0.01375000000000004 0.023062999999999986
