2 0.0689453125 0.6363405178147269 0.120313 0.2832700000000002
2 0.1326176875 0.6135764536817103 0.037499000000000005 0.07224300000000011
2 0.187109125 0.625867674584323 0.128907 0.34981
2 0.26679712499999997 0.5289509857482185 0.035937000000000024 0.178707
2 0.33281225 0.6415471591448931 0.16562500000000002 0.37072199999999994
2 0.3017580625 0.5132763135391923 0.01953100000000002 0.134981
2 0.478125 0.7062168456057006 0.125 0.23954399999999995
2 0.5626955625 0.6824466270783848 0.09765600000000008 0.268061
2 0.658594 0.6776998456057007 0.09375 0.24144499999999994
2 0.7392573125 0.6957680641330167 0.089063 0.20912499999999995
2 0.8103510625 0.6672510641330166 0.08125000000000004 0.21102600000000002
2 0.8908208125 0.6710616888361045 0.07265599999999994 0.17490499999999995
2 0.9458984375 0.6672462517814727 0.06093700000000002 0.23003800000000002
