1 0.6919921875 0.34867154026354324 0.08437499999999998 0.1264639999999999
1 0.0126953125 0.2866019633967789 0.026563 0.07025799999999999
1 0.2099609375 0.40957163250366035 0.10781200000000002 0.19672199999999998
1 0.296875 0.28894799414348465 0.06406299999999998 0.09133499999999999
1 0.408984375 0.4186409575402636 0.07500000000000001 0.15925100000000006
1 0.4396484375 0.21576476720351395 0.06093799999999999 0.11007099999999999
1 0.5156245 0.2927470614934114 0.01718799999999998 0.049180000000000015
1 0.5431640625 0.28953425183016107 0.04999999999999993 0.09835999999999999
1 0.5841796875 0.27723799414348466 0.03749999999999998 0.09133499999999999
1 0.6986328125 0.5102716017569545 0.10468699999999997 0.17330200000000004
1 0.8654301875 0.46987537481698394 0.14843700000000004 0.1920380000000001
1 0.8763676875 0.6569306998535871 0.09999899999999995 0.15456699999999998
1 0.98671875 0.17800012298682283 0.02343800000000007 0.09601800000000003
