0 0.1364453125 0.7216105785609397 0.057499999999999996 0.10065799999999997
0 0.14558593749999998 0.4267021483113069 0.045 0.07902200000000001
0 0.176796875 0.3832684317180617 0.05937500000000001 0.04421399999999992
0 0.19796875 0.4267021483113069 0.05499999999999999 0.07902200000000001
0 0.2242578125 0.38492071659324517 0.04250000000000001 0.034807000000000074
0 0.234453125 0.42523371953010275 0.03562499999999999 0.07525900000000006
0 0.288359375 0.4157118619676946 0.04375000000000001 0.06961399999999998
0 0.3192578125 0.42982286196769454 0.04249999999999998 0.06961400000000006
0 0.36921875 0.4581138604992657 0.024375000000000036 0.04985900000000009
0 0.3968359375 0.4040102907488986 0.044999999999999984 0.071495
0 0.458828125 0.43422814831130685 0.03562500000000002 0.07714000000000006
0 0.49 0.41194886196769454 0.03312499999999996 0.06961399999999998
0 0.55421875 0.4825728604992658 0.024375000000000036 0.047036999999999995
0 0.5730078125 0.45829771659324525 0.011249999999999982 0.03292599999999996
0 0.600859375 0.4277580058737151 0.04375000000000007 0.08278399999999998
0 0.6346875 0.4442325756240822 0.04749999999999999 0.060207000000000004
0 0.6444921875 0.8295200044052864 0.053749999999999964 0.06396999999999987
0 0.7205078125 0.4973261468428781 0.041874999999999996 0.057385000000000075
0 0.7671875 0.4564615756240822 0.046875 0.06114800000000003
0 0.8726953125 0.5098538604992657 0.02562500000000001 0.04985900000000001
