1 0.042578125 0.4269901743725231 0.068125 0.11759799999999998
1 0.13777343749999998 0.4581451307793923 0.06125000000000001 0.08798600000000004
1 0.195 0.44846713474240424 0.06437499999999999 0.090525
1 0.2283984375 0.4954291030383091 0.029375000000000012 0.071066
1 0.2748046875 0.5306951149273448 0.06937499999999999 0.07783399999999994
1 0.32671875 0.5680380594451784 0.02437499999999998 0.039763000000000014
1 0.5390625 0.505255142668428 0.04874999999999996 0.09559999999999998
1 0.5725 0.5303380554821664 0.03312499999999996 0.038071000000000084
1 0.6056640625 0.49357412285336855 0.04999999999999993 0.08291000000000003
1 0.64578125 0.498442107001321 0.04062500000000002 0.07275800000000002
1 0.6669140625 0.5883430594451784 0.018125000000000058 0.039763000000000014
1 0.688515625 0.568202039630119 0.020000000000000018 0.027917999999999967
1 0.70671875 0.5427170317040951 0.024375000000000036 0.021149999999999957
1 0.751015625 0.5348360435931307 0.020625000000000004 0.029610000000000043
1 0.765625 0.5945770832232496 0.03249999999999997 0.05583700000000003
1 0.788671875 0.6341181307793923 0.05874999999999997 0.08967800000000004
1 0.816171875 0.5566690634081902 0.028750000000000053 0.04230099999999994
1 0.8301171875 0.5751780554821664 0.02187500000000009 0.03807100000000001
1 0.85078125 0.6108590990752971 0.04062499999999991 0.067682
1 0.8551953125 0.5712150435931308 0.02562500000000001 0.02960999999999997
1 0.883359375 0.6172561030383091 0.04312500000000008 0.06937399999999994
1 0.8746875 0.5687800515191546 0.016875000000000084 0.036379000000000085
1 0.9116015625 0.5656040673712022 0.03437499999999993 0.046531999999999976
1 0.9146484375 0.6321730792602378 0.030625000000000013 0.05414499999999996
1 0.94125 0.5461901030383091 0.03249999999999997 0.06937400000000009
1 0.9656640625 0.6704520951122853 0.04999999999999993 0.064298
