0 0.09078581250000001 0.12246957184750733 0.16666599999999998 0.20868099999999998
0 0.22397525 0.3152079618768328 0.04000000000000001 0.05342200000000005
0 0.25468293750000004 0.32208868621700876 0.04555600000000001 0.05008300000000006
0 0.2910455625 0.28930885923753663 0.033333999999999975 0.041737000000000024
0 0.3669795 0.1818719882697947 0.14222199999999996 0.17028400000000002
0 0.5342141874999999 0.22575554545454546 0.08444500000000005 0.09348899999999999
0 0.608759125 0.23430526979472138 0.06777700000000009 0.088481
0 0.65619825 0.3018519618768329 0.040000000000000036 0.05509199999999996
0 0.6715843125 0.27090065395894425 0.025555000000000105 0.020034000000000027
0 0.6857939375 0.29770006451612907 0.04555600000000004 0.06677799999999996
0 0.7093623125 0.29871668621700875 0.025554999999999994 0.05175300000000004
0 0.7315843125 0.31561441055718475 0.025554999999999994 0.048413999999999964
0 0.7579814375 0.32102885923753666 0.030000000000000027 0.04340599999999999
0 0.7862981875 0.3214353079178886 0.022221999999999964 0.036727999999999955
0 0.801449875 0.34252813489736067 0.02777799999999997 0.045075000000000004
