0 0.3429006875 0.510135234332425 0.22497199999999998 0.208792
0 0.0556640625 0.528143825613079 0.111361 0.21821100000000002
0 0.08233875 0.4316491498637602 0.08661400000000001 0.06279400000000002
0 0.1043045 0.5195272670299728 0.07986500000000002 0.167975
0 0.2031440625 0.42507273024523157 0.080989 0.08948200000000005
0 0.25358918750000004 0.5056677193460491 0.053992999999999985 0.10204099999999994
0 0.2615246875 0.4455425803814714 0.037120000000000014 0.025118000000000033
0 0.4370026875 0.459726514986376 0.037119999999999986 0.10832099999999999
0 0.477583625 0.4586615367847412 0.05174399999999996 0.08006299999999997
0 0.5602192500000001 0.44867566485013627 0.133859 0.17111499999999993
0 0.641936625 0.4677561498637602 0.021371999999999947 0.06279400000000002
0 0.666028375 0.4739732997275204 0.043869999999999965 0.12715900000000005
0 0.8707056875 0.5061658256130791 0.16310500000000006 0.21977999999999998
