1 0.5546871875 0.7513019166666668 0.08398499999999998 0.12239599999999988
1 0.06738287500000001 0.5598961666666668 0.027344 0.06901000000000002
1 0.11230425 0.4192709166666666 0.04003900000000002 0.059896000000000026
1 0.391601625 0.3216145 0.021484000000000003 0.049479000000000016
1 0.4599610625 0.3177083333333333 0.019530999999999965 0.04296899999999996
1 0.4931643125 0.3437499166666667 0.026366999999999974 0.02864599999999991
1 0.65722675 0.3151041666666667 0.024414000000000047 0.037760000000000016
1 0.703125 0.6015620833333334 0.0625 0.06640700000000004
1 0.770507375 0.5156255 0.07519600000000004 0.11067699999999998
1 0.8720705625 0.5559895 0.09765599999999997 0.140625
1 0.937499625 0.5052081666666667 0.05175800000000008 0.100261
