1 0.2604884117647059 0.8720703125 0.19868100000000005 0.11937500000000001
1 0.07647058823529412 0.9130859375 0.155367 0.17125
1 0.09554652941176471 0.5185546875 0.120527 0.06999999999999995
1 0.10908964705882353 0.44265625 0.09039500000000002 0.07187500000000002
1 0.2488620588235294 0.48390625 0.08568699999999999 0.07187500000000002
1 0.3802011764705882 0.77546875 0.1563090000000001 0.11812499999999992
1 0.41040764705882354 0.3617578125 0.09039599999999995 0.07374999999999998
1 0.5389111764705883 0.9677734375 0.20809799999999992 0.06187500000000001
1 0.6656283529411764 0.8563671875 0.16195800000000007 0.11625000000000008
1 0.7291704705882354 0.915078125 0.23446399999999992 0.16062500000000002
1 0.7085938235294117 0.5627734375 0.14689200000000005 0.09250000000000003
1 0.7283155294117647 0.3605859375 0.11864399999999996 0.07687499999999997
1 0.7801568235294118 0.7605859375 0.14689299999999994 0.10749999999999993
1 0.9166279411764706 0.803828125 0.1647829999999999 0.12937500000000002
1 0.9749778235294118 0.3349609375 0.046138999999999944 0.07687500000000003
