1 0.4788671875 0.4650588823529412 0.11687499999999995 0.18156100000000003
1 0.0936328125 0.27641435294117644 0.04250000000000001 0.06396900000000004
1 0.1140625 0.05862864705882353 0.01625 0.03857
1 0.156640625 0.2745323529411765 0.05249999999999999 0.06396999999999999
1 0.1807421875 0.31546005882352945 0.05374999999999999 0.08654699999999999
1 0.2005078125 0.0538054705882353 0.010624999999999996 0.032926000000000004
1 0.2584375 0.056919705882352935 0.015625 0.025400000000000002
1 0.331015625 0.09131629411764705 0.020625000000000004 0.029163000000000012
1 0.3562109375 0.07773488235294118 0.014375000000000027 0.03010399999999999
1 0.4565625 0.07774629411764707 0.048750000000000016 0.079021
1 0.4759765625 0.22827470588235294 0.06625000000000003 0.12511700000000003
1 0.5530859375 0.016176470588235296 0.04625000000000001 0.032926
1 0.6030859375 0.027941176470588237 0.04625000000000001 0.056444
1 0.658046875 0.542145 0.15374999999999994 0.20037600000000005
1 0.6726171875 0.06640341176470588 0.053749999999999964 0.098777
1 0.75390625 0.027941176470588237 0.040000000000000036 0.058325
1 0.857421875 0.023529411764705882 0.05874999999999997 0.048918
1 0.9617578125 0.7964456470588235 0.07374999999999998 0.23894699999999996
