1 0.364556875 0.15079600739827373 0.09132400000000002 0.11095100000000001
1 0.06944343750000001 0.2870885055487053 0.030820999999999994 0.08213199999999996
1 0.1036894375 0.28995582490752153 0.030822000000000002 0.10086500000000002
1 0.14768799999999999 0.22554441430332922 0.062786 0.07780999999999998
1 0.174933625 0.30890945992601726 0.052512 0.08069200000000001
1 0.256947125 0.17881155117139333 0.06735200000000002 0.08501399999999996
1 0.32300575 0.3054045967940814 0.05593600000000004 0.08645500000000003
1 0.495049875 0.3126085967940814 0.06050299999999997 0.087897
1 0.4952153125 0.15329045992601725 0.05707800000000002 0.07925100000000002
1 0.6030025625 0.15575655117139334 0.06506900000000004 0.085014
1 0.641981 0.30582050554870527 0.06278499999999998 0.08357300000000004
1 0.708191 0.17283959679408137 0.06392699999999996 0.08645499999999999
1 0.7962554375 0.20803077928483354 0.06164399999999992 0.09654199999999999
1 0.7798183125 0.30212136868064116 0.026255999999999946 0.07492800000000002
1 0.8235010625 0.2979916424167694 0.04908599999999996 0.09077800000000004
1 0.8726141875 0.2401613686806412 0.022831000000000046 0.07492800000000002
1 0.9073424375 0.23479959679408138 0.030822000000000016 0.08789599999999997
