1 0.32494825 0.32218170588235295 0.07093500000000003 0.12369799999999997
1 0.009765625 0.37699158823529416 0.019896 0.10416699999999997
1 0.17437525 0.26202470588235294 0.040658 0.07552100000000002
1 0.2361014375 0.20191441176470587 0.031142000000000003 0.04817700000000003
1 0.2627228125 0.37496952941176476 0.041522 0.07031199999999993
1 0.333740875 0.15554517647058824 0.02854699999999999 0.058594000000000014
1 0.377885375 0.16911764705882354 0.04411799999999999 0.08854200000000001
1 0.3872623125 0.06196376470588235 0.026817000000000035 0.059896000000000005
1 0.481300125 0.34822270588235293 0.06747399999999998 0.12499999999999996
1 0.471730125 0.07464758823529412 0.036331999999999975 0.05338500000000001
1 0.5622264375 0.27764970588235294 0.031142000000000003 0.07552100000000002
1 0.5745595625 0.1744485294117647 0.03373700000000002 0.07031299999999999
1 0.587424 0.10770535294117649 0.03287200000000001 0.063802
1 0.6293081875 0.5034621764705882 0.05363300000000004 0.10677100000000002
1 0.646917375 0.3131438823529412 0.04411699999999996 0.08203099999999997
1 0.6595576875 0.2295955882352941 0.037198000000000064 0.05338500000000002
1 0.6792315625 0.09955617647058823 0.03460199999999991 0.05729099999999998
1 0.709620125 0.01764705882352941 0.03633199999999992 0.036458
1 0.7300729375 0.2198986470588235 0.046713000000000005 0.08984400000000002
1 0.7596815625 0.3417431764705883 0.03373700000000002 0.05859399999999999
1 0.7845444375 0.04730358823529412 0.031142000000000003 0.053385999999999996
1 0.790712 0.1456339411764706 0.032870999999999984 0.066407
1 0.8137873125 0.36011029411764706 0.05709399999999998 0.12890600000000005
1 0.8840254375 0.12022058823529412 0.030277 0.054687999999999994
1 0.9213615 0.33317964705882347 0.0475779999999999 0.08984400000000008
