1 0.80578125 0.8147399166666668 0.19687500000000002 0.21749999999999994
1 0.0361328125 0.5992711666666666 0.073125 0.13250000000000015
1 0.099375 0.6216666666666666 0.063125 0.08500000000000012
1 0.159453125 0.5575524166666667 0.06812499999999999 0.10916600000000003
1 0.2791796875 0.64994825 0.06874999999999998 0.10333299999999997
1 0.32421875 0.4211975833333333 0.05562499999999998 0.080834
1 0.371328125 0.645833 0.09812500000000002 0.12583400000000008
1 0.4226171875 0.60255175 0.023125000000000007 0.02583399999999984
1 0.48578125 0.59994825 0.07187499999999997 0.10166600000000003
1 0.956640625 0.7938545 0.08374999999999999 0.23583299999999996
1 0.9708203125 0.516667 0.05687500000000001 0.12583299999999994
