1 0.005859375 0.4951848752886836 0.0125 0.01922999999999996
1 0.0636328125 0.4954186720554273 0.01125000000000001 0.011833999999999999
1 0.1454296875 0.5268079376443419 0.007500000000000007 0.010354999999999975
1 0.152265625 0.5715488129330254 0.02125000000000002 0.02884600000000007
1 0.2306640625 0.6173163441108546 0.018750000000000017 0.025147999999999927
1 0.2536328125 0.5990591408775982 0.01125000000000001 0.0177520000000001
1 0.5257421875 0.6705184849884526 0.021874999999999978 0.03994000000000011
1 0.637890625 0.588975547344111 0.020625000000000004 0.031065999999999896
1 0.6676953125 0.6431514849884526 0.026249999999999996 0.03994099999999994
1 0.80921875 0.6648790023094688 0.11750000000000005 0.14792900000000014
1 0.79359375 0.4991542817551963 0.024375000000000036 0.03402400000000001
1 0.8380078125 0.5508916720554272 0.010624999999999996 0.013314000000000058
1 0.860078125 0.5189972032332564 0.004375000000000018 0.008874999999999916
1 0.937734375 0.5232908752886836 0.013124999999999942 0.020710000000000017
1 0.9510546875 0.49213540646651266 0.007499999999999951 0.014052999999999987
1 0.987734375 0.48547840646651264 0.013124999999999942 0.015533000000000047
