1 0.92734325 0.5859448797653959 0.13437600000000005 0.24384500000000003
1 0.0185546875 0.11227754545454545 0.039062 0.09261400000000002
1 0.01953125 0.29106009677419353 0.040625 0.098476
1 0.060546875 0.5824278797653959 0.122656 0.24618999999999996
1 0.0736328125 0.3400141290322581 0.073437 0.13130199999999992
1 0.137890375 0.10992944281524926 0.04296899999999999 0.080891
1 0.1611330625 0.3332609941348974 0.049217999999999984 0.086752
1 0.17187475 0.28284378885630496 0.054688000000000014 0.06213300000000001
1 0.1830078125 0.16122537243401758 0.041406 0.10082
1 0.286327875 0.33618944281524926 0.09062500000000001 0.07971900000000004
1 0.2888671875 0.4135778533724341 0.08593699999999999 0.12778400000000004
1 0.349609625 0.27932989149560117 0.052344 0.07502900000000001
1 0.4826169375 0.6240505337243402 0.13984399999999997 0.26143000000000005
1 0.4978515625 0.3707853020527859 0.06562499999999999 0.12309500000000002
1 0.533984125 0.2772791671554252 0.036718999999999946 0.07854599999999998
1 0.613671875 0.4159362639296188 0.09062500000000007 0.174677
1 0.69062525 0.14334299413489734 0.03984399999999999 0.08558000000000002
1 0.7193354375 0.3467507507331378 0.06171900000000008 0.11606099999999997
1 0.8271481875 0.3024857184750733 0.05312500000000009 0.083236
1 0.964453125 0.3479093401759531 0.06796899999999995 0.06916800000000004
