1 0.088296875 0.6433375882352941 0.06 0.10542200000000009
1 0.1400625 0.6630582352941177 0.07899999999999999 0.091867
1 0.143296875 0.5834162941176471 0.059999999999999984 0.07831299999999991
1 0.2475 0.7962079411764705 0.125 0.16566299999999995
1 0.2338359375 0.3686218823529412 0.013999999999999985 0.031626000000000015
1 0.239859375 0.24813988235294118 0.011999999999999983 0.030120000000000022
1 0.2448828125 0.3868355294117647 0.01100000000000001 0.019578
1 0.263859375 0.2570342352941176 0.013000000000000012 0.04367399999999999
1 0.2808828125 0.25115188235294117 0.009999999999999953 0.031625999999999974
1 0.3551328125 0.6327601764705881 0.07400000000000001 0.10692800000000004
1 0.32690625 0.30999311764705884 0.009000000000000008 0.022589999999999996
1 0.346859375 0.28134270588235294 0.011999999999999955 0.024097000000000018
1 0.4262734375 0.6408931764705883 0.061 0.05873499999999999
1 0.44315625 0.7185687647058824 0.07100000000000001 0.10993899999999997
1 0.4887109375 0.7986179411764706 0.10900000000000004 0.21536199999999994
1 0.4816953125 0.4272142352941176 0.026000000000000023 0.04216900000000006
1 0.5107421875 0.46038264705882354 0.02200000000000002 0.039156999999999983
1 0.5556484375 0.35313594117647057 0.029999999999999916 0.06475900000000001
1 0.6276875 0.7341068235294117 0.1100000000000001 0.19427699999999992
1 0.608296875 0.6284192352941177 0.06000000000000005 0.09337399999999994
1 0.7147421875 0.4815374705882353 0.02200000000000002 0.034638999999999955
1 0.7812734375 0.6509748235294118 0.061999999999999944 0.09638499999999987
