0 0.0166015625 0.16160094062078273 0.03375 0.09240000000000001
0 0.0631640625 0.12004188529014845 0.08124999999999999 0.08721899999999999
0 0.202578125 0.1221429149797571 0.03687499999999999 0.042314000000000004
0 0.2332421875 0.1398471363022942 0.05374999999999999 0.062176
0 0.25886718750000004 0.17773608097165994 0.05374999999999999 0.05699399999999999
0 0.2862890625 0.1577127192982456 0.04999999999999999 0.070812
0 0.2833203125 0.10438538731443994 0.026874999999999982 0.038860000000000006
0 0.3119921875 0.10573491497975708 0.023125000000000007 0.04058699999999999
0 0.309609375 0.1384418596491228 0.013124999999999998 0.037133
0 0.37421875 0.11594788124156546 0.1175 0.183937
0 0.444921875 0.10681846828609987 0.06 0.096719
0 0.71390625 0.07422402159244265 0.50875 0.151123
0 0.544765625 0.20046094062078273 0.083125 0.092401
0 0.6103515625 0.16483782995951418 0.09624999999999995 0.08203799999999999
0 0.671328125 0.1456227192982456 0.06812499999999999 0.070812
