1 0.444765625 0.8805211666666666 0.14499999999999996 0.19500000000000015
1 0.0436328125 0.7584895833333333 0.07375000000000001 0.11333300000000006
1 0.1548828125 0.6906767500000001 0.04125000000000001 0.0566670000000001
1 0.1719921875 0.7499479166666667 0.05437500000000001 0.061666999999999916
1 0.25968749999999996 0.7830208333333334 0.11000000000000001 0.15333299999999994
1 0.2226171875 0.67671875 0.02312499999999998 0.025832999999999995
1 0.2634375 0.6898961666666666 0.015625 0.03750000000000009
1 0.34203125 0.7311458333333333 0.04062499999999997 0.058333000000000045
1 0.395703125 0.6997395833333334 0.036250000000000004 0.05166699999999983
1 0.42625 0.6684899166666667 0.03125 0.030833000000000037
1 0.4334765625 0.7010416666666668 0.03500000000000003 0.05333299999999985
1 0.4569140625 0.6651559166666666 0.01937500000000003 0.030834000000000028
1 0.48828125 0.6934378333333333 0.040000000000000036 0.08916600000000001
1 0.5470703125 0.6965621666666667 0.026249999999999996 0.038334000000000014
1 0.5926953125 0.784167 0.0893750000000001 0.12583300000000008
1 0.598671875 0.6938024166666666 0.028125000000000067 0.046666000000000096
1 0.6476171875 0.7767184166666666 0.05312499999999998 0.10833400000000015
1 0.6606640625 0.7055208333333334 0.01937500000000003 0.027500000000000007
1 0.688046875 0.70119825 0.028125000000000067 0.041665999999999905
1 0.75078125 0.902917 0.13437500000000002 0.19000000000000009
1 0.8503125 0.8426565833333334 0.07874999999999999 0.11249999999999998
1 0.8838671875 0.7411975833333333 0.05437499999999995 0.080834
