1 0.0655078125 0.19664944425956737 0.042499999999999996 0.08102400000000003
1 0.1094140625 0.3358596755407654 0.08187499999999999 0.168444
1 0.2787890625 0.319688846921797 0.081875 0.13113000000000002
1 0.258125 0.21097755074875207 0.03187499999999999 0.07782500000000002
1 0.3592578125 0.26820823128119803 0.041874999999999996 0.08742000000000001
1 0.4504296875 0.351363231281198 0.03749999999999998 0.08955299999999998
1 0.474375 0.22137897670549087 0.03125 0.065032
1 0.5185546875 0.31162895341098173 0.06937499999999996 0.12899799999999997
1 0.52484375 0.19472697670549086 0.023749999999999938 0.06396600000000001
1 0.5812890625 0.2780013976705491 0.08187500000000003 0.20682299999999998
1 0.674921875 0.21056745757071546 0.18437499999999996 0.331557
1 0.8111328125 0.10855180532445922 0.04249999999999998 0.102346
1 0.914765625 0.31098101830282865 0.05249999999999999 0.09594899999999999
