1 0.173828125 0.6114583333333333 0.129688 0.2000000000000001
1 0.0404296875 0.2908854166666666 0.06874999999999999 0.10833300000000001
1 0.1197260625 0.28802116666666666 0.081251 0.13125000000000006
1 0.1904291875 0.29062499999999997 0.05312499999999998 0.09583300000000006
1 0.2521484375 0.26380175 0.029687999999999992 0.02500000000000006
1 0.29296875 0.26380241666666665 0.05625000000000002 0.10833299999999997
1 0.32578125 0.6562503333333334 0.10156299999999996 0.16874999999999987
1 0.366015625 0.267708 0.08281299999999997 0.15833399999999997
1 0.4013671875 0.20468783333333332 0.05312499999999998 0.08958300000000001
1 0.4208984375 0.692708 0.09218700000000002 0.15833399999999997
1 0.508984375 0.25963508333333335 0.04375000000000001 0.12916700000000003
1 0.569921375 0.6184895833333334 0.1062510000000001 0.17500000000000013
1 0.5755859375 0.27812466666666663 0.10781200000000002 0.17916700000000008
1 0.6249995 0.2098958333333333 0.04843799999999998 0.058333
1 0.6623051875 0.2757815833333333 0.08437399999999995 0.14374999999999996
1 0.69296825 0.5059899166666667 0.10312600000000005 0.15416599999999994
1 0.7375005 0.6403645833333332 0.109375 0.20625000000000013
1 0.712109875 0.26979166666666665 0.028124000000000038 0.054167
1 0.771484875 0.23880241666666668 0.05937400000000004 0.10833300000000001
1 0.823046875 0.5236975833333334 0.09062500000000007 0.14374999999999996
1 0.921484375 0.252083 0.07499999999999996 0.125
1 0.9181640625 0.19140658333333335 0.04999999999999993 0.05000000000000001
1 0.951563 0.44999966666666663 0.09375 0.14583399999999994
