0 0.1201171875 0.6632501112737922 0.11621100000000001 0.27672099999999994
0 0.2138675 0.5929722210834554 0.046875 0.07467100000000008
0 0.373047125 0.6032205768667642 0.037109 0.05856600000000003
0 0.415039125 0.5710102884333821 0.03613299999999997 0.030747000000000007
0 0.431640625 0.6354317672035139 0.051758000000000026 0.10981000000000006
0 0.55078075 0.5827234172767204 0.02343799999999996 0.032211
0 0.5869135625 0.6090774787701317 0.03320400000000001 0.07906300000000006
0 0.6220705 0.6222551537335286 0.04785099999999998 0.12005800000000001
0 0.7177738125 0.5724748653001465 0.04199199999999992 0.090775
0 0.8984373125 0.6046852518301611 0.05761699999999992 0.09809699999999999
