1 0.4994974874371859 0.6323204166666666 0.999375 0.2633710000000001
1 0.11168655778894473 0.759421 0.12625 0.12722799999999998
1 0.1569755025125628 0.6682939166666667 0.041250000000000016 0.030793999999999915
1 0.16787060301507536 0.6984784999999999 0.04937499999999998 0.04781200000000011
1 0.23235552763819095 0.714394 0.042499999999999996 0.06402000000000004
1 0.2742054020100502 0.6850204166666666 0.03312500000000002 0.04457
1 0.3161652010050251 0.7286346666666667 0.016250000000000046 0.05348500000000008
1 0.3678360552763819 0.7178914166666667 0.08625000000000002 0.10696899999999994
1 0.4734265075376885 0.7498965833333333 0.121875 0.144246
1 0.5902167085427136 0.6992360833333334 0.13812500000000005 0.253646
1 0.7807412060301508 0.6901291666666668 0.09749999999999982 0.16207499999999989
1 0.9499309045226131 0.7332884166666668 0.07249999999999993 0.10858999999999996
