1 0.6317578125 0.5073743074670571 0.135625 0.23546000000000003
1 0.041015625 0.27605324011713034 0.0825 0.27861099999999994
1 0.111484375 0.22259867496339678 0.04375000000000001 0.038460999999999974
1 0.1790234375 0.2065546383601757 0.06062500000000001 0.106004
1 0.39652343749999996 0.19765739385065886 0.31125 0.397749
1 0.436328125 0.38340711127379207 0.16187499999999994 0.277673
1 0.5366796875 0.22136206149341142 0.038125000000000075 0.04784299999999997
1 0.5673046875 0.26087631918008786 0.038125000000000075 0.054408999999999964
1 0.6258984375 0.16728711713030747 0.12375000000000003 0.18667899999999998
1 0.7158203125 0.17186385944363103 0.08937499999999998 0.18105
1 0.809453125 0.7358995959004392 0.16125 0.26547799999999994
1 0.80046875 0.22039812298682288 0.05625000000000002 0.09380899999999999
1 0.8717578125 0.21243709224011714 0.041874999999999996 0.07317099999999997
1 0.9558203125 0.2170138345534407 0.02562500000000001 0.06566599999999999
1 0.972734375 0.22387844802342607 0.04312499999999997 0.05628499999999996
1 0.987890625 0.1722757306002928 0.02124999999999999 0.177298
