2 0.50453125 0.5662737153284672 0.446875 0.6685340000000001
2 0.0166015625 0.18699308029197081 0.03375 0.06069099999999998
2 0.0205078125 0.37031181751824815 0.0425 0.30438899999999997
2 0.0615234375 0.31775707299270073 0.124375 0.19888
2 0.0715234375 0.1834591386861314 0.0925 0.138189
2 0.120859375 0.2345540291970803 0.07562499999999998 0.23996299999999998
2 0.15609375 0.25345078102189783 0.08687500000000001 0.205415
2 0.1885546875 0.2717833211678832 0.10124999999999998 0.23436099999999996
2 0.254609375 0.2872491751824818 0.13812500000000003 0.23902899999999994
2 0.3576171875 0.27389476642335764 0.085625 0.08496800000000004
2 0.405625 0.28270591240875914 0.06437499999999996 0.084034
2 0.8307421875 0.34699914598540144 0.33562500000000006 0.39776
2 0.8969140625 0.23866684671532845 0.14312499999999995 0.14378999999999997
2 0.981328125 0.4896631167883212 0.03562500000000002 0.15872999999999993
