1 0.23554325 0.3127525 0.07066799999999998 0.11096700000000004
1 0.15925462499999998 0.4744655 0.11519800000000001 0.20387100000000005
1 0.1784625 0.3372090833333334 0.07841200000000001 0.098065
1 0.4116531875 0.30877475 0.053242999999999985 0.08645200000000004
1 0.5152095 0.2893381666666666 0.047433999999999976 0.06967699999999999
1 0.5799924375 0.280282 0.030977000000000032 0.063226
1 0.614851 0.15507366666666667 0.03291299999999997 0.054194
1 0.7505396875 0.39534458333333333 0.06969999999999998 0.11225799999999997
1 0.832816125 0.3449279166666666 0.06679599999999997 0.09290300000000003
1 0.92659825 0.30096225 0.04065800000000008 0.07096799999999999
