1 0.12234375 0.5337545651537335 0.15 0.24014999999999997
1 0.0146484375 0.5117484729136164 0.029375 0.17073200000000002
1 0.0143359375 0.023381901903367495 0.014374999999999999 0.021575999999999994
1 0.04921875 0.4421288960468521 0.05625 0.11350799999999998
1 0.03328125 0.03422703074670571 0.00875 0.02532800000000001
1 0.0511328125 0.045598288433382136 0.011250000000000003 0.030019
1 0.0824609375 0.027362417276720348 0.015 0.032833
1 0.1086328125 0.01546503074670571 0.01125000000000001 0.025328999999999997
1 0.142734375 0.041205901903367495 0.013124999999999998 0.022514000000000003
1 0.1740625 0.053698515373352865 0.016875 0.013133999999999993
1 0.195234375 0.04871090190336751 0.011875000000000024 0.022514
1 0.222109375 0.03129877306002928 0.011874999999999997 0.019700000000000002
1 0.234375 0.47633770571010253 0.03249999999999997 0.061913999999999914
1 0.2590625 0.4665707730600293 0.017500000000000016 0.018761999999999963
1 0.270859375 0.05287477306002928 0.011874999999999969 0.018762000000000004
1 0.309765625 0.41199563836017566 0.05125000000000002 0.10600399999999996
1 0.33484375 0.46871073060029284 0.08750000000000002 0.17823599999999998
1 0.2980078125 0.05099877306002928 0.010624999999999996 0.018762
1 0.32015625 0.030886901903367497 0.009375000000000022 0.021576
1 0.3636328125 0.036103030746705705 0.010000000000000009 0.02345200000000001
1 0.3765625 0.06413177306002928 0.016874999999999973 0.019700000000000002
1 0.3878515625 0.4803623806734993 0.03375 0.10225099999999997
1 0.391484375 0.06413177306002928 0.012500000000000011 0.01782400000000001
1 0.406640625 0.48999683455344073 0.020625000000000004 0.06472800000000001
1 0.4123828125 0.10529351537335285 0.011250000000000038 0.014071000000000007
1 0.4433203125 0.4901811903367496 0.02562500000000001 0.05159499999999995
1 0.4405078125 0.03452564421669107 0.011250000000000038 0.016884999999999997
1 0.4623828125 0.06413177306002928 0.010000000000000009 0.019700000000000002
1 0.4690625 0.5086004172767205 0.01687500000000003 0.03471
1 0.483984375 0.5117130307467057 0.012499999999999956 0.024389999999999988
1 0.4849609375 0.05662677306002929 0.014999999999999958 0.017824
1 0.5051171875 0.48432467496339676 0.021874999999999978 0.038461000000000016
1 0.5148828125 0.041617773060029284 0.011249999999999982 0.018761999999999994
1 0.5207421875 0.5188493191800879 0.021874999999999978 0.05347099999999991
1 0.5524609375 0.054338901903367494 0.014375000000000027 0.021576000000000005
1 0.5723828125 0.07081203074670571 0.010000000000000009 0.025328999999999997
1 0.5803125 0.4816239326500732 0.016874999999999973 0.04409000000000001
1 0.599296875 0.5006134480234261 0.028125000000000067 0.05816200000000001
1 0.596484375 0.03422703074670571 0.012500000000000067 0.02532800000000001
1 0.622265625 0.5198574172767203 0.020625000000000004 0.032832999999999994
1 0.6204296875 0.0562149019033675 0.007499999999999951 0.021576000000000012
1 0.6823828125 0.6037256325036603 0.10499999999999998 0.197936
1 0.654609375 0.5194897057101024 0.04312499999999997 0.06285199999999998
1 0.637578125 0.07861564421669107 0.0050000000000000044 0.016884999999999997
1 0.6562109375 0.0815439019033675 0.014374999999999916 0.022513999999999992
1 0.658984375 0.06120351537335285 0.01187500000000008 0.012195000000000015
1 0.684609375 0.06664815959004393 0.01187500000000008 0.027204
1 0.6996875 0.08218328843338214 0.016874999999999973 0.03001899999999999
1 0.7180859375 0.513177159590044 0.013749999999999929 0.029081000000000006
1 0.729765625 0.4889004172767204 0.020625000000000004 0.03283399999999997
1 0.7382421875 0.5359628345534407 0.021874999999999978 0.06566599999999999
1 0.73515625 0.0599679019033675 0.009375000000000022 0.021575999999999994
1 0.7485546875 0.06976077306002929 0.007500000000000062 0.017822999999999995
1 0.7663671875 0.5199015768667643 0.023125000000000062 0.06097599999999994
1 0.7778125 0.06664815959004393 0.015625 0.027204
1 0.7818359375 0.5123534172767203 0.014375000000000027 0.034709000000000025
1 0.8117578125 0.07339851537335286 0.010624999999999996 0.01313299999999999
1 0.8361328125 0.07561728843338214 0.010624999999999996 0.030955999999999994
1 0.91578125 0.4568228477306003 0.16562500000000002 0.36304
1 0.84953125 0.08049164421669107 0.008750000000000036 0.016884999999999987
1 0.8698828125 0.07486264421669107 0.011249999999999982 0.015009999999999987
1 0.88390625 0.08570777306002929 0.009375000000000022 0.018762000000000004
1 0.9024609375 0.1003049019033675 0.01375000000000004 0.021575999999999994
1 0.9211328125 0.10176903074670571 0.011249999999999982 0.025329000000000018
1 0.9361328125 0.09403651537335285 0.010624999999999996 0.013133000000000011
1 0.962734375 0.09865741727672035 0.011874999999999969 0.032833000000000015
1 0.9761328125 0.10259377306002927 0.011250000000000093 0.017822999999999995
1 0.9942578125 0.0961410307467057 0.010000000000000009 0.023452
