1 0.878046875 0.8655211666666668 0.15249999999999997 0.19499999999999998
1 0.11328125 0.7980208333333333 0.228125 0.40166700000000005
1 0.3527734375 0.8692705 0.09312500000000001 0.17250000000000001
1 0.4025390625 0.830833 0.08124999999999999 0.125
1 0.440703125 0.8064065833333333 0.036250000000000004 0.05166599999999999
1 0.48546875 0.8186979166666667 0.08750000000000002 0.12416699999999992
1 0.5915234375 0.8331770833333333 0.06062499999999993 0.0966669999999999
1 0.5951171875 0.7815107500000001 0.05437500000000006 0.05499999999999986
1 0.703671875 0.9049479166666666 0.24687500000000007 0.18666700000000006
1 0.923671875 0.7950520833333332 0.059374999999999956 0.06583300000000018
