1 0.1388671875 0.7992190833333334 0.20937499999999998 0.22395799999999996
1 0.0166015625 0.6674475833333333 0.034375 0.04999999999999997
1 0.2091796875 0.6401045 0.037500000000000006 0.047916000000000146
1 0.3833986875 0.6765621666666667 0.257812 0.06875000000000009
1 0.2908200625 0.79088575 0.05078100000000002 0.08749999999999991
1 0.3728510625 0.6973955 0.017969000000000013 0.046875
1 0.4138666875 0.7713541666666668 0.03750100000000001 0.06979199999999992
1 0.612890875 0.6166666666666666 0.1226560000000001 0.17812500000000017
1 0.7164065 0.6796875 0.11093700000000006 0.078125
1 0.8804685 0.6749996666666668 0.23593799999999998 0.05208399999999994
1 0.9380861875 0.8302083333333332 0.08593700000000004 0.10416700000000005
