1 0.0877734375 0.7539418798955614 0.06124999999999999 0.1769609999999999
1 0.092890625 0.8202525587467362 0.05249999999999999 0.06844800000000009
1 0.3111328125 0.7361792193211488 0.04249999999999998 0.12020000000000006
1 0.338984375 0.055004762402088764 0.012500000000000011 0.036728
1 0.430234375 0.5811341514360313 0.044375 0.133556
1 0.5439453125 0.22978266057441254 0.026874999999999982 0.05509200000000002
1 0.5508203125 0.2808076266318538 0.02562500000000001 0.061769000000000004
1 0.5782421875 0.28269055874673626 0.02312499999999995 0.071786
1 0.59453125 0.5859282193211488 0.040000000000000036 0.12354000000000001
1 0.6407421875 0.0773485587467363 0.02312499999999995 0.071786
1 0.659609375 0.6048073211488251 0.04312499999999997 0.10684400000000002
1 0.7175 0.31535152480417755 0.03187499999999999 0.07679499999999997
1 0.725546875 0.22310466057441253 0.02749999999999997 0.05509200000000002
1 0.7364453125 0.27224669451697125 0.02562500000000001 0.051753000000000035
1 0.7453125 0.24960272845953005 0.015625 0.046744
1 0.79828125 0.28748562663185384 0.039999999999999925 0.06176899999999997
1 0.914453125 0.31505035509138385 0.03687499999999999 0.10016699999999998
